[-17.02765528,,,0.40995704,,,6.43885358], 
[19.05027135,-4.44540167,,7.32627312], 
[-19.02100817,,-6.12751643,,,7.1202879,], 
[-21.15375074,-17.48965327,,,7.24505822], 
[20.47983233,,3.51608046,,6.0270977,], 
[,21.737758,,,-15.86221822,,,7.32187017], 
[-17.16126442,,11.1145649,,,,6.52075768], 
[-5.46424802,21.62669182,,6.35972738], 
[13.78541374,16.25265471,,5.79531574], 
[17.70253372,10.3689909,,,6.15421502], 
[17.62203662,,0.57199935,,6.18915828], 
[,3.92034348,21.78133901,,6.29381625], 
[-13.79625924,,16.78437487,,,6.47573105], 
