[-21.69279099,  5.46345202,  1.71738549] 
[25.81974983,-1.81901673,-0.15976323] 
[-25.91950226, -2.50392636, -0.63969668] 
[-29.25651296,-14.92009322, -3.03469221] 
[21.7255586 , 6.41146533, 0.28532448] 
[ 29.36602211,-13.79758485, -0.57500548] 
[-19.25904719, 10.62123235,  0.85620173] 
[-5.71570333,20.38642565,-3.22707589] 
[12.84471003,17.58736165,-1.80159585] 
[18.16371028,12.03306548, 0.02026811] 
[14.55727673,-1.42294308, 1.56901515] 
[ 4.72471809,20.41322962,-3.71867347] 
[-13.43736744, 16.86110814, -0.66337164] 
